{
  "accessors": [
    {
      "bufferView": 1,
      "componentType": 5126,
      "count": 3034,
      "max": [
        37.007869720458984,
        37.007869720458984,
        37.007869720458984
      ],
      "min": [
        -37.007869720458984,
        -37.007869720458984,
        -37.007869720458984
      ],
      "type": "VEC3"
    },
    {
      "bufferView": 1,
      "byteOffset": 36408,
      "componentType": 5126,
      "count": 3034,
      "max": [
        0.9914448857307434,
        1.0,
        0.9914448857307434
      ],
      "min": [
        -0.9914448857307434,
        -1.0,
        -0.9914448857307434
      ],
      "type": "VEC3"
    },
    {
      "bufferView": 0,
      "componentType": 5125,
      "count": 11634,
      "type": "SCALAR"
    }
  ],
  "asset": {
    "extras": {
      "author": "photogrammetryblender3D (https://sketchfab.com/photogrammetryblender3D)",
      "license": "CC-BY-4.0 (http://creativecommons.org/licenses/by/4.0/)",
      "source": "https://sketchfab.com/3d-models/simple-sphere-b25d6bcb581c42bbb66fcfd9aa1e99ec",
      "title": "Simple sphere"
    },
    "generator": "Sketchfab-12.68.0",
    "version": "2.0"
  },
  "bufferViews": [
    {
      "buffer": 0,
      "byteLength": 46536,
      "name": "floatBufferViews",
      "target": 34963
    },
    {
      "buffer": 0,
      "byteLength": 72816,
      "byteOffset": 46536,
      "byteStride": 12,
      "name": "floatBufferViews",
      "target": 34962
    }
  ],
  "buffers": [
    {
      "byteLength": 119352,
      "uri": "scene.bin"
    }
  ],
  "materials": [
    {
      "name": "material",
      "pbrMetallicRoughness": {
        "baseColorFactor": [
          0.5671661528920344,
          0.5671661528920344,
          0.5671661528920344,
          1.0
        ],
        "metallicFactor": 0.0,
        "roughnessFactor": 0.6
      }
    }
  ],
  "meshes": [
    {
      "name": "Material2",
      "primitives": [
        {
          "attributes": {
            "NORMAL": 1,
            "POSITION": 0
          },
          "indices": 2,
          "material": 0,
          "mode": 4
        }
      ]
    }
  ],
  "nodes": [
    {
      "children": [
        1
      ],
      "matrix": [
        0.9933751225471497,
        -0.1149166151881218,
        -2.5516614418768356e-17,
        0.0,
        0.0,
        2.220446049250313e-16,
        -1.0,
        0.0,
        0.1149166151881218,
        0.9933751225471497,
        2.205735866283364e-16,
        0.0,
        0.12100107967853546,
        2.12595534324646,
        0.001556705334224279,
        1.0
      ],
      "name": "Sketchfab_model"
    },
    {
      "children": [
        2
      ],
      "name": "Collada visual scene group"
    },
    {
      "children": [
        3,
        5
      ],
      "name": "SketchUp"
    },
    {
      "children": [
        4
      ],
      "matrix": [
        0.5371934,
        0.8434591,
        -8.326673e-17,
        0.0,
        -0.2714672,
        0.1728956,
        0.9467907,
        0.0,
        0.7985793,
        -0.5086097,
        0.3218499,
        0.0,
        252.7527,
        -124.2225,
        110.0611,
        1.0
      ],
      "name": "skp_camera_Last_Saved_SketchUp_View"
    },
    {
      "name": "ID1"
    },
    {
      "children": [
        6
      ],
      "matrix": [
        -0.08610266,
        0.9962863,
        0.0,
        0.0,
        -0.9962863,
        -0.08610266,
        0.0,
        0.0,
        0.0,
        0.0,
        1.0,
        0.0,
        18.5,
        14.0,
        0.0,
        1.0
      ],
      "name": "instance_0"
    },
    {
      "children": [
        7
      ],
      "name": "Chris"
    },
    {
      "mesh": 0,
      "name": "Material2"
    }
  ],
  "scene": 0,
  "scenes": [
    {
      "name": "Sketchfab_Scene",
      "nodes": [
        0
      ]
    }
  ]
}
